,open,high,low,close,volume
2015-05-15,83.17,84.17,82.76,83.3,1146627.0
2015-05-18,83.47,84.44,83.2,84.11,735075.0
2015-05-19,83.84,85.98,83.74,84.57,1366242.0
2015-05-20,85.01,85.78,84.54,84.84,642002.0
2015-05-21,85.11,85.18,83.84,84.88,1007407.0
2015-05-22,85.21,89.81,84.84,88.43,9025889.0
2015-05-25,89.2,91.45,88.2,89.0,4263189.0
2015-05-26,89.47,91.99,88.6,90.04,3263159.0
2015-05-27,89.87,96.48,89.17,94.9,6844328.0
2015-05-28,95.57,96.24,92.15,94.23,4500779.0
2015-05-29,94.33,95.74,93.76,94.84,2869508.0
2015-06-01,95.24,96.31,94.2,94.9,1906991.0
2015-06-02,95.31,95.37,90.07,91.08,3591391.0
2015-06-03,90.44,91.21,87.93,89.47,3355986.0
2015-06-04,89.94,90.48,87.96,89.4,1533199.0
2015-06-05,88.87,90.81,88.53,88.8,1585776.0
2015-06-08,89.4,89.44,87.86,88.77,1860078.0
2015-06-09,88.8,89.77,87.32,88.13,2002642.0
2015-06-10,88.46,89.34,88.23,88.7,1030307.0
2015-06-11,89.5,89.64,85.21,85.75,3013860.0
2015-06-12,85.71,86.18,84.78,85.82,1511248.0
2015-06-15,85.85,87.19,85.51,86.22,1154442.0
2015-06-16,86.25,87.19,85.18,86.42,2029613.0
2015-06-17,87.19,89.07,86.82,88.67,1868898.0
2015-06-18,89.14,90.54,88.56,89.37,1411142.0
2015-06-19,90.01,90.01,88.36,89.54,911784.0
2015-06-22,89.87,98.93,89.47,97.42,8699875.0
2015-06-23,97.92,98.16,94.57,96.75,4452362.0
2015-06-24,96.98,101.21,95.41,97.08,8030977.0
2015-06-25,96.78,99.43,95.91,99.03,4836363.0
2015-06-26,98.39,99.77,96.04,98.26,2685185.0
2015-06-29,95.17,97.22,93.8,96.75,2934451.0
2015-06-30,96.85,98.42,95.78,97.12,1962020.0
2015-07-01,97.12,100.54,96.92,99.36,2644055.0
2015-07-02,100.2,102.42,99.77,101.44,3810436.0
2015-07-03,100.6,102.75,99.16,100.37,3436704.0
2015-07-06,99.03,104.23,97.42,103.82,4160441.0
2015-07-07,104.46,106.07,102.62,103.92,4380639.0
2015-07-08,104.06,105.07,98.12,99.97,5538557.0
2015-07-09,101.47,102.87,99.94,101.65,2885324.0
2015-07-10,102.27,106.01,102.07,104.47,5003995.0
2015-07-13,106.01,107.48,103.04,107.02,3434441.0
2015-07-14,107.55,108.8,106.19,106.92,3132290.0
2015-07-15,107.13,107.83,105.07,105.42,1727769.0
2015-07-16,106.12,108.18,105.38,107.3,3261825.0
2015-07-17,107.27,109.01,105.07,107.41,5584494.0
2015-07-20,102.17,102.17,97.18,97.98,8057018.0
2015-07-21,98.19,99.31,95.74,96.16,3647344.0
2015-07-22,95.68,98.82,95.54,98.64,1765911.0
2015-07-23,99.13,99.62,97.25,97.7,2556124.0
2015-07-24,97.6,98.08,95.85,96.09,1499450.0
2015-07-27,95.68,96.34,93.58,94.1,2285530.0
2015-07-28,94.35,95.85,92.95,95.47,2120718.0
2015-07-29,95.68,97.04,94.03,94.7,1947331.0
2015-07-30,94.98,98.01,94.7,97.63,2646101.0
2015-07-31,98.08,99.31,96.79,98.4,1744139.0
2015-08-03,98.4,100.35,97.8,98.96,1442163.0
2015-08-04,99.45,99.8,97.28,98.26,1452405.0
2015-08-05,99.17,99.45,97.42,97.8,1499541.0
2015-08-06,98.19,100.21,97.88,99.45,2086888.0
2015-08-07,99.17,102.94,98.64,102.48,3482462.0
2015-08-10,102.66,103.71,99.66,100.46,1514846.0
2015-08-11,100.56,101.12,97.49,98.33,1339525.0
2015-08-12,97.7,97.77,93.58,94.31,2288711.0
2015-08-13,95.68,96.23,93.06,93.44,1282111.0
2015-08-14,93.34,98.47,93.3,97.63,1660700.0
2015-08-17,98.01,98.89,96.09,96.79,1503444.0
2015-08-18,97.07,99.03,96.62,98.05,1321004.0
2015-08-19,98.01,98.19,96.27,96.58,1095203.0
2015-08-20,96.09,96.23,93.3,93.68,2009253.0
2015-08-21,91.14,92.88,91.1,92.53,1689350.0
2015-08-24,90.09,90.51,84.01,85.27,2908102.0
2015-08-25,85.9,86.95,80.73,86.42,2661082.0
2015-08-26,85.9,86.7,84.05,84.64,1600076.0
2015-08-27,86.53,87.09,85.27,86.39,2237306.0
2015-08-28,87.64,89.35,85.41,86.56,2364424.0
2015-08-31,85.34,89.74,85.34,88.69,2636677.0
2015-09-01,87.54,87.99,82.23,83.45,2985686.0
2015-09-02,83.52,84.78,81.71,82.16,2241451.0
2015-09-03,83.07,84.12,82.48,83.03,909662.0
2015-09-04,82.62,82.62,77.17,79.16,2422571.0
2015-09-07,79.26,79.75,75.77,76.51,1551209.0
2015-09-08,76.4,80.45,75.7,78.98,2752265.0
2015-09-09,80.38,81.71,79.05,79.61,2584093.0
2015-09-10,78.64,81.95,77.17,81.18,3014779.0
2015-09-11,82.06,83.1,81.01,82.3,2491994.0
2015-09-14,83.03,84.33,81.78,83.7,1591992.0
2015-09-15,84.22,84.78,81.71,82.34,1486001.0
2015-09-16,83.1,83.56,81.99,82.62,910883.0
2015-09-18,83.66,86.84,83.66,86.53,2720786.0
2015-09-21,85.9,86.88,83.87,86.6,1564090.0
2015-09-22,87.29,87.99,84.29,85.06,1689100.0
2015-09-23,82.83,87.47,82.83,87.09,2124890.0
2015-09-24,87.29,88.83,86.04,87.15,1965544.0
2015-09-28,87.92,89.32,86.6,87.05,1297086.0
2015-09-29,85.9,89.11,84.15,88.41,2303643.0
2015-09-30,89.39,89.39,87.33,88.34,1301279.0
2015-10-01,88.76,89.15,86.67,87.71,1549243.0
2015-10-05,88.34,91.28,87.68,90.58,1687763.0
2015-10-06,91.76,91.76,89.63,91.03,1341260.0
2015-10-07,91.42,91.8,90.16,90.47,1206157.0
2015-10-08,90.26,91.9,89.6,90.79,1480996.0
2015-10-09,91.66,91.97,89.81,90.75,1055912.0
2015-10-12,90.86,91.62,89.95,90.86,890225.0
2015-10-13,90.65,91.66,90.26,91.42,1001370.0
2015-10-14,91.48,92.6,90.65,91.42,1035278.0
2015-10-15,92.18,92.46,91.35,91.83,851541.0
2015-10-16,92.08,93.09,90.61,92.22,1555722.0
2015-10-19,92.18,92.46,90.79,91.03,868076.0
2015-10-20,91.21,92.04,90.33,91.03,761303.0
2015-10-21,91.0,91.31,86.42,87.68,2154821.0
2015-10-23,88.17,89.11,87.4,87.85,1088219.0
2015-10-26,88.48,88.69,86.53,87.05,736430.0
2015-10-27,86.95,88.97,86.67,88.27,901038.0
2015-10-28,87.92,89.53,86.7,87.54,1320272.0
2015-10-29,86.95,87.33,85.76,86.42,2282508.0
2015-10-30,87.02,91.35,85.9,89.88,5324131.0
2015-11-02,90.79,90.79,88.2,89.56,1923192.0
2015-11-03,90.09,90.79,89.11,89.32,938713.0
2015-11-04,90.02,90.96,88.2,88.69,1269630.0
2015-11-05,88.52,88.9,86.21,86.56,918201.0
2015-11-06,86.67,87.64,85.2,86.18,1096722.0
2015-11-09,83.8,86.74,82.55,86.07,898710.0
2015-11-10,85.62,87.57,84.5,84.78,961313.0
2015-11-11,85.62,87.57,84.5,84.78,961313.0
2015-11-13,85.13,86.25,84.57,85.72,887831.0
2015-11-16,85.48,87.26,84.85,86.74,1260591.0
2015-11-17,87.99,88.06,86.46,87.36,1383813.0
2015-11-18,87.29,87.75,84.5,84.71,1383209.0
2015-11-19,85.27,85.79,84.92,85.34,819715.0
2015-11-20,85.51,89.32,85.03,87.33,2618775.0
2015-11-23,87.57,87.71,86.67,86.81,747105.0
2015-11-24,86.6,86.98,85.93,86.18,670313.0
2015-11-26,86.46,87.12,85.51,86.7,1244857.0
2015-11-27,86.81,89.46,86.63,89.15,1618255.0
2015-11-30,89.7,89.7,88.34,88.59,927582.0
2015-12-01,88.97,90.93,88.38,90.3,2221091.0
2015-12-02,90.65,90.72,87.92,88.9,862303.0
2015-12-03,88.69,88.94,87.15,87.85,853170.0
2015-12-04,87.15,87.71,86.18,86.42,888753.0
2015-12-07,86.81,87.23,85.97,86.14,590614.0
2015-12-08,85.55,86.35,85.2,85.27,501196.0
2015-12-09,84.92,86.07,84.15,84.5,1164316.0
2015-12-10,84.54,84.68,83.1,83.31,1614090.0
2015-12-11,83.38,84.22,81.43,82.2,1473859.0
2015-12-14,81.08,83.42,81.08,82.55,641391.0
2015-12-15,82.62,82.97,81.95,82.58,459445.0
2015-12-16,82.9,84.5,82.58,83.56,656788.0
2015-12-17,84.01,85.2,83.84,84.75,721581.0
2015-12-18,84.75,86.81,83.94,85.2,2444495.0
2015-12-21,85.48,86.11,85.27,85.76,528713.0
2015-12-22,85.83,86.53,84.57,85.06,583123.0
2015-12-23,85.37,86.04,85.2,85.44,463218.0
2015-12-24,85.83,86.11,84.64,84.99,535545.0
2015-12-28,85.48,86.95,85.23,86.53,531684.0
2015-12-29,86.95,87.23,85.55,85.76,451838.0
2015-12-30,85.69,86.18,84.92,85.27,779745.0
2015-12-31,85.27,86.04,84.61,85.72,863578.0
2016-01-01,85.72,87.43,85.58,87.15,585365.0
2016-01-04,86.74,87.23,83.63,84.43,1024959.0
2016-01-05,84.5,84.82,82.97,83.45,1581975.0
2016-01-06,83.52,84.36,82.76,82.86,682287.0
2016-01-07,82.34,82.65,78.43,78.88,2007548.0
2016-01-08,79.19,80.17,78.91,79.37,602597.0
2016-01-11,78.81,79.89,77.52,78.98,1534810.0
2016-01-12,78.91,79.26,75.35,75.67,1719535.0
2016-01-13,75.7,76.26,71.93,74.48,3447579.0
2016-01-14,70.95,72.56,68.44,68.96,4226456.0
2016-01-15,69.49,70.5,65.72,66.13,3292686.0
2016-01-18,65.65,70.53,64.81,69.35,7208321.0
2016-01-19,69.8,70.53,68.54,69.17,2378794.0
2016-01-20,68.16,68.44,66.34,67.18,2209117.0
2016-01-21,68.44,70.12,67.01,67.64,2275330.0
2016-01-22,69.0,71.06,68.3,69.84,2196667.0
2016-01-25,71.2,71.2,69.0,69.28,888325.0
2016-01-27,69.66,70.95,68.12,69.77,1671138.0
2016-01-28,69.84,70.15,68.12,68.86,2053855.0
2016-01-29,68.72,69.35,67.11,68.93,1192065.0
2016-02-01,69.7,70.05,68.16,68.44,927369.0
2016-02-02,68.51,69.98,67.95,68.61,2012984.0
2016-02-03,67.78,67.85,65.86,66.2,1448300.0
2016-02-04,66.69,67.15,64.63,65.3,1355045.0
2016-02-05,65.37,67.67,65.12,66.94,1610875.0
2016-02-08,66.97,69.03,66.8,67.18,1377490.0
2016-02-09,65.99,67.11,65.02,65.37,1189275.0
2016-02-10,65.26,65.26,62.57,63.38,2798507.0
2016-02-11,63.73,63.73,60.97,61.84,1978400.0
2016-02-12,61.84,65.19,60.2,62.82,2588555.0
2016-02-15,63.66,65.89,63.66,65.3,1424910.0
2016-02-16,66.06,66.66,64.35,64.77,1744389.0
2016-02-17,64.28,64.95,61.8,64.53,1633521.0
2016-02-18,64.98,66.48,63.55,65.05,2632586.0
2016-02-19,64.95,66.34,64.46,65.96,1262918.0
2016-02-22,66.2,66.62,64.6,64.88,1138757.0
2016-02-23,65.26,65.26,62.57,62.89,1905109.0
2016-02-24,62.15,62.47,60.9,61.35,2718980.0
2016-02-25,61.77,62.05,60.09,60.23,2369845.0
2016-02-26,61.0,61.42,59.43,60.55,1472488.0
2016-02-29,60.69,61.35,59.22,60.02,1666868.0
2016-03-01,60.34,64.46,60.34,63.17,2565324.0
2016-03-02,64.46,67.67,64.46,65.54,2573520.0
2016-03-03,65.54,67.92,65.09,66.97,2840554.0
2016-03-04,67.04,68.44,66.03,67.67,1744352.0
2016-03-08,68.02,68.16,66.76,66.97,1160846.0
2016-03-09,66.87,67.32,65.93,66.73,1742906.0
2016-03-10,67.39,67.39,65.99,66.24,853015.0
2016-03-11,66.34,68.02,65.72,66.45,1182733.0
2016-03-14,67.25,67.6,65.99,66.45,633774.0
2016-03-15,66.69,68.26,66.2,67.71,1645913.0
2016-03-16,67.78,68.26,66.2,67.39,2254393.0
2016-03-17,68.44,71.2,68.23,70.29,3390625.0
2016-03-18,70.67,71.51,69.52,70.88,2399662.0
2016-03-21,71.23,71.93,70.74,71.23,1112767.0
2016-03-22,71.69,71.69,69.17,69.98,1330209.0
2016-03-23,69.38,70.99,69.28,70.08,1291936.0
2016-03-28,70.46,74.03,69.87,71.16,3675662.0
2016-03-29,71.16,71.58,69.42,69.7,1082431.0
2016-03-30,70.5,71.79,70.05,71.23,1996480.0
2016-03-31,71.16,72.56,70.46,71.69,2049062.0
2016-04-01,71.44,73.33,71.3,73.08,1352504.0
2016-04-04,73.33,73.71,71.93,72.73,777045.0
2016-04-05,72.98,72.98,68.86,69.28,1646029.0
2016-04-06,69.63,72.28,68.86,71.72,1866453.0
2016-04-07,71.62,72.52,70.6,70.85,1154914.0
2016-04-08,71.79,72.35,70.6,72.04,980763.0
2016-04-11,72.18,73.92,71.86,73.01,900434.0
2016-04-12,72.66,73.68,72.35,73.22,981938.0
2016-04-13,74.03,74.72,73.54,74.06,1103324.0
2016-04-18,74.03,76.44,73.19,76.09,2114940.0
2016-04-20,76.37,78.08,75.63,76.19,2032452.0
2016-04-21,76.89,78.91,76.54,77.17,2409680.0
2016-04-22,77.17,79.68,76.71,78.84,2148343.0
2016-04-25,78.91,80.03,78.32,78.64,1794416.0
2016-04-26,78.5,79.51,78.01,79.02,1157787.0
2016-04-27,79.44,80.52,78.98,79.79,1796119.0
2016-04-28,79.44,79.89,78.43,78.77,1930917.0
2016-04-29,78.77,79.89,77.03,78.11,1308577.0
2016-05-02,77.87,77.87,76.26,76.89,1219762.0
2016-05-03,77.31,78.29,76.26,76.64,929510.0
2016-05-04,76.47,77.06,74.65,74.97,2041837.0
2016-05-05,74.72,75.49,74.1,74.97,1050296.0
2016-05-06,74.65,81.01,74.31,79.51,4759684.0
2016-05-09,80.17,81.85,79.89,81.11,2909416.0
2016-05-10,81.29,81.29,79.72,79.93,1166008.0
2016-05-11,79.09,81.57,78.7,80.28,1488947.0
2016-05-12,80.49,82.23,80.31,81.67,1905333.0
2016-05-13,82.3,83.73,81.22,81.6,2290773.0
2016-05-16,81.88,81.99,79.75,81.5,1910228.0
2016-05-17,81.92,81.92,80.03,80.35,922618.0
2016-05-18,80.1,80.24,78.91,79.82,1151930.0
2016-05-19,80.03,80.45,77.69,78.29,1219957.0
2016-05-20,78.29,85.76,77.9,83.77,12489201.0
2016-05-23,84.5,86.6,82.76,84.47,8991238.0
2016-05-24,84.92,85.13,82.97,83.63,2993055.0
2016-05-25,84.47,85.97,83.94,85.37,2263521.0
2016-05-26,85.62,89.81,85.55,89.01,5357246.0
2016-05-27,89.04,90.23,87.89,88.94,2493073.0
2016-05-30,89.67,89.81,87.78,88.66,1306474.0
2016-05-31,88.97,90.19,87.78,89.7,1550646.0
2016-06-01,90.51,90.51,86.6,87.05,1939817.0
2016-06-02,87.47,88.55,86.32,88.27,1765214.0
2016-06-03,88.97,89.74,87.43,87.68,2334120.0
2016-06-06,87.92,94.73,87.75,94.21,8773693.0
2016-06-07,94.7,95.22,92.36,93.34,5504251.0
2016-06-08,93.79,94.8,92.25,93.65,2944327.0
2016-06-09,93.68,96.37,92.92,94.31,4020448.0
2016-06-10,94.14,95.57,92.25,92.71,2843858.0
2016-06-13,90.82,93.86,90.82,93.13,2329143.0
2016-06-14,93.16,94.84,93.09,94.24,1549096.0
2016-06-15,94.42,95.54,94.38,94.98,1382887.0
2016-06-16,94.63,95.33,93.09,94.42,1746621.0
2016-06-17,94.84,96.41,94.73,95.95,2149571.0
2016-06-20,95.22,96.72,94.63,95.88,1641165.0
2016-06-21,95.71,97.42,95.54,96.02,1788846.0
2016-06-22,96.09,96.62,93.79,94.45,1457445.0
2016-06-23,94.56,96.44,93.82,95.99,2167707.0
2016-06-24,92.88,94.24,90.19,93.93,3113039.0
2016-06-27,93.68,95.95,93.27,95.54,1740436.0
2016-06-28,95.43,96.72,95.19,96.16,1156057.0
2016-06-29,96.44,98.47,96.2,97.8,2762060.0
2016-06-30,98.12,99.48,97.49,98.33,3147136.0
2016-07-01,98.47,100.14,98.47,99.9,1733358.0
2016-07-04,100.21,103.64,100.21,102.66,2178189.0
2016-07-05,102.66,104.3,101.51,102.38,2100855.0
2016-07-07,102.38,105.31,102.38,102.97,2212439.0
2016-07-08,102.94,105.07,100.35,103.92,2435215.0
2016-07-11,105.45,106.15,104.75,105.66,2163699.0
2016-07-12,106.36,106.71,105.52,106.33,1876246.0
2016-07-13,106.39,106.39,103.81,104.82,1510914.0
2016-07-14,104.44,107.3,104.33,106.46,3516894.0
2016-07-15,106.99,111.04,106.99,108.98,4631566.0
2016-07-18,109.26,110.34,107.62,108.11,1981890.0
2016-07-19,107.93,108.59,105.49,106.92,2489077.0
2016-07-20,108.0,108.0,106.47,107.27,2130077.0
2016-07-21,107.31,109.42,106.84,107.06,2258520.0
2016-07-22,106.29,108.11,106.29,107.86,1388557.0
2016-07-25,108.04,111.09,107.49,110.55,2246990.0
2016-07-26,110.87,111.6,107.97,108.87,1923686.0
2016-07-27,108.91,110.66,107.97,109.78,1816298.0
2016-07-28,109.93,111.64,109.2,110.98,2864027.0
2016-07-29,111.31,113.64,106.0,106.65,8185235.0
2016-08-01,105.93,109.49,104.76,108.8,4257183.0
2016-08-02,109.09,109.71,107.2,107.64,2378017.0
2016-08-03,107.46,109.97,106.98,108.18,2918444.0
2016-08-04,108.55,109.57,107.31,108.95,2112721.0
2016-08-05,109.57,112.18,103.2,104.33,8128881.0
2016-08-08,104.76,104.76,100.07,102.62,4110081.0
2016-08-09,102.22,104.25,102.0,103.78,2886856.0
2016-08-10,103.93,103.96,101.16,101.56,2078247.0
2016-08-11,102.51,102.95,100.91,101.42,4338917.0
2016-08-12,101.85,103.89,101.85,103.49,2418014.0
2016-08-16,103.89,104.91,102.76,104.55,2404788.0
2016-08-17,106.87,106.87,102.55,102.76,2369974.0
2016-08-18,103.42,104.11,102.84,103.38,1832677.0
2016-08-19,103.67,112.69,103.6,111.38,7398684.0
2016-08-22,111.97,116.59,110.11,114.15,11647120.0
2016-08-23,114.08,114.59,111.49,113.2,4122704.0
2016-08-24,113.13,113.42,111.67,112.26,4520975.0
2016-08-25,112.58,112.77,109.78,110.73,3995679.0
2016-08-26,111.13,111.2,107.13,108.04,2549274.0
2016-08-29,108.26,110.0,107.02,108.84,3632597.0
2016-08-30,109.57,112.18,108.8,111.64,3556252.0
2016-08-31,112.0,113.02,109.46,110.22,3436247.0
2016-09-01,109.93,111.53,108.87,109.38,2998255.0
2016-09-02,109.49,110.55,109.35,110.18,1808763.0
2016-09-06,110.87,114.0,110.66,113.49,4566343.0
2016-09-07,114.84,118.04,112.95,114.88,8162799.0
2016-09-08,114.0,117.42,114.0,115.75,4102474.0
2016-09-09,115.57,116.59,113.68,115.31,4594246.0
2016-09-12,111.67,113.42,109.97,110.37,2121211.0
2016-09-14,109.89,113.02,109.2,112.66,1976220.0
2016-09-15,112.51,112.91,110.73,111.13,1142351.0
2016-09-16,111.67,113.89,110.07,111.02,2331211.0
2016-09-19,111.31,112.95,110.11,112.69,2280371.0
2016-09-20,113.06,113.2,111.64,112.15,1818871.0
2016-09-21,112.08,113.28,111.24,111.71,1438476.0
2016-09-22,112.77,113.86,112.15,113.24,2115812.0
2016-09-23,113.46,114.15,112.4,113.02,2335465.0
2016-09-26,111.78,113.6,111.31,111.64,1974908.0
2016-09-27,111.71,112.15,109.97,110.11,1555180.0
2016-09-28,109.86,113.09,109.75,111.64,1849028.0
2016-09-29,112.77,113.49,103.89,104.4,3575420.0
2016-09-30,101.27,107.53,101.27,106.91,2275796.0
2016-10-03,107.6,110.66,106.58,110.15,1983506.0
2016-10-04,110.58,111.86,109.35,111.02,2644591.0
2016-10-05,111.93,112.0,110.51,111.02,1454149.0
2016-10-06,111.24,112.37,108.8,110.29,2066069.0
2016-10-07,110.44,112.26,109.2,110.07,1379494.0
2016-10-10,110.07,110.77,109.2,109.82,1359048.0
2016-10-13,109.06,109.75,102.87,105.2,2244223.0
2016-10-14,105.53,109.78,105.53,108.77,5760055.0
2016-10-17,109.46,110.0,107.27,108.04,3920261.0
2016-10-18,108.04,110.29,108.04,109.93,3931705.0
2016-10-19,111.78,111.78,109.35,110.4,3943015.0
2016-10-20,111.24,115.09,110.77,113.2,6672643.0
2016-10-21,114.77,115.2,113.42,114.8,7211107.0
2016-10-24,114.18,119.76,112.04,114.58,6854033.0
2016-10-25,115.21,115.97,113.2,113.73,1515461.0
2016-10-26,112.97,113.42,111.41,112.04,2700806.0
2016-10-27,111.68,112.39,103.86,107.57,12133932.0
2016-10-28,107.71,109.85,107.04,108.87,1769345.0
2016-11-01,109.71,110.03,107.88,109.0,1771018.0
2016-11-02,107.21,107.84,104.8,105.16,1332323.0
2016-11-03,104.09,106.23,103.73,104.18,1545736.0
2016-11-04,104.18,104.49,100.11,101.5,2388891.0
2016-11-07,102.75,105.83,102.7,104.0,1728442.0
2016-11-08,105.12,105.34,103.42,104.22,1245177.0
2016-11-09,96.5,112.89,93.82,109.4,7045924.0
2016-11-10,113.42,116.32,111.99,113.47,6269962.0
2016-11-11,111.63,115.65,107.84,108.33,3598512.0
2016-11-15,108.6,110.25,102.12,102.75,4010235.0
2016-11-16,104.49,105.87,98.95,99.53,3182463.0
2016-11-17,99.76,102.12,98.73,100.61,2336172.0
2016-11-18,100.87,102.7,99.98,100.29,2021984.0
2016-11-21,101.28,101.5,91.99,92.79,3303125.0
2016-11-22,93.77,94.67,89.4,92.34,3950952.0
2016-11-23,93.37,93.68,91.67,92.7,2059405.0
2016-11-24,91.99,93.59,90.2,90.6,2888869.0
2016-11-25,91.27,93.51,90.6,93.19,2964039.0
2016-11-28,92.79,93.19,91.54,91.99,2709510.0
2016-11-29,92.61,94.18,92.43,92.75,2937342.0
2016-11-30,93.1,97.3,92.7,96.85,4189603.0
2016-12-01,97.79,98.82,95.11,95.56,3057282.0
2016-12-02,94.58,96.45,93.95,94.26,2162656.0
2016-12-05,94.49,95.96,94.09,95.43,1324649.0
2016-12-06,95.92,96.94,95.38,96.23,1219179.0
2016-12-07,96.63,97.3,93.15,94.84,2252002.0
2016-12-08,95.92,96.5,92.7,93.33,2231178.0
2016-12-09,93.73,95.74,92.57,95.2,2552351.0
2016-12-12,94.31,97.03,94.22,95.78,2324568.0
2016-12-13,95.47,101.32,95.34,100.52,5414111.0
2016-12-14,100.83,101.94,98.02,98.51,3512100.0
2016-12-15,98.37,102.12,97.48,100.87,3930835.0
2016-12-16,101.45,102.79,100.11,101.05,2955383.0
2016-12-19,101.05,102.21,100.16,101.32,2133940.0
2016-12-20,101.54,101.81,98.51,99.13,1857129.0
2016-12-21,99.76,101.5,99.04,100.34,1804561.0
2016-12-22,100.25,100.25,97.12,97.66,1893314.0
2016-12-23,97.26,98.06,96.5,96.85,2606257.0
2016-12-26,96.45,96.76,93.24,93.95,2248238.0
2016-12-27,94.04,97.12,93.51,96.68,2383799.0
2016-12-28,96.68,97.66,95.6,96.32,1807527.0
2016-12-29,96.81,102.26,96.36,100.69,5300494.0
2016-12-30,101.28,101.32,99.62,100.07,1504882.0
2017-01-02,100.29,102.17,99.04,101.32,1283584.0
2017-01-03,101.77,104.04,100.69,103.82,2355798.0
2017-01-04,103.82,104.49,102.7,103.06,1647917.0
2017-01-05,103.37,104.4,103.15,103.78,1439864.0
2017-01-06,104.13,105.83,103.6,104.04,2134990.0
2017-01-09,104.04,105.83,103.69,105.38,1699475.0
2017-01-10,106.63,106.63,104.8,105.34,1087496.0
2017-01-11,105.74,107.66,105.47,106.72,2192967.0
2017-01-12,107.04,108.15,105.56,106.45,1549342.0
2017-01-13,106.68,107.04,104.8,106.41,1358419.0
2017-01-16,105.92,110.21,105.52,109.54,2045507.0
2017-01-17,110.65,111.86,109.09,109.85,1899643.0
2017-01-18,109.85,111.01,108.6,109.49,1172401.0
2017-01-19,110.03,110.38,108.82,109.76,1572504.0
2017-01-20,109.67,110.12,106.77,107.3,1333146.0
2017-01-23,107.17,108.06,105.7,107.04,1454435.0
2017-01-24,100.87,103.51,99.76,101.77,6640184.0
2017-01-25,102.44,103.42,101.54,101.99,2438713.0
2017-01-27,103.06,106.01,102.26,103.86,3113933.0
2017-01-30,103.11,105.52,101.86,103.95,2856129.0
2017-01-31,103.82,104.4,100.74,101.86,2395272.0
2017-02-01,102.08,105.29,101.05,104.8,3196375.0
2017-02-02,105.16,107.97,102.7,106.72,4747488.0
2017-02-03,106.81,108.29,105.7,107.26,3365279.0
2017-02-06,108.87,110.03,107.71,109.31,4503824.0
2017-02-07,110.43,110.52,108.11,108.42,3060488.0
2017-02-08,108.6,108.73,105.47,107.48,2257674.0
2017-02-09,107.48,108.69,105.83,106.41,1798492.0
2017-02-10,106.81,107.79,105.47,106.05,2811933.0
2017-02-13,106.54,106.63,103.73,104.8,2586000.0
2017-02-14,105.2,105.29,103.64,104.09,1853296.0
2017-02-15,104.4,104.4,101.81,102.21,1774783.0
2017-02-16,101.81,103.55,101.14,102.75,2433666.0
2017-02-17,103.06,104.27,102.57,102.97,2068724.0
2017-02-20,103.06,110.74,102.79,109.27,8936389.0
2017-02-21,109.85,111.23,108.78,109.45,3592497.0
2017-02-22,110.07,114.4,108.42,114.05,10047718.0
2017-02-23,114.76,116.86,114.14,116.01,9424946.0
2017-02-27,115.7,117.66,114.54,114.94,3635356.0
2017-02-28,115.03,124.85,114.76,123.07,17810223.0
2017-03-01,123.16,126.1,121.64,122.93,7067457.0
2017-03-02,124.36,128.02,122.22,123.11,9287021.0
2017-03-03,123.33,123.69,120.03,121.95,5194642.0
2017-03-06,122.62,124.05,121.5,123.42,2642969.0
2017-03-07,123.24,124.14,121.59,122.08,2203785.0
2017-03-08,121.64,122.98,119.0,120.97,2334737.0
2017-03-09,120.48,124.0,120.12,122.08,2999321.0
2017-03-10,123.07,123.83,120.88,121.73,2008257.0
2017-03-14,124.85,126.15,123.07,124.63,5498926.0
2017-03-15,125.03,126.73,124.14,124.72,3657771.0
2017-03-16,126.28,127.4,125.12,126.55,4826613.0
2017-03-17,126.59,126.73,123.24,124.67,2120528.0
2017-03-20,125.03,125.75,123.51,124.5,1996500.0
2017-03-21,124.58,125.16,123.07,123.91,2455216.0
2017-03-22,122.98,123.78,121.64,122.17,2444164.0
2017-03-23,122.89,123.91,122.26,123.24,1784698.0
2017-03-24,123.24,125.66,122.8,123.96,3852208.0
2017-03-27,123.96,125.48,123.74,124.81,3300849.0
2017-03-28,125.92,126.06,124.36,124.76,2031007.0
2017-03-29,125.21,126.82,124.9,125.34,3459550.0
2017-03-30,125.66,126.64,124.36,125.12,3886644.0
2017-03-31,125.66,127.22,124.67,125.66,2962517.0
2017-04-03,126.33,126.59,125.57,125.97,1231880.0
2017-04-05,126.73,131.01,125.7,130.43,6013199.0
2017-04-06,130.34,131.73,129.32,130.57,5088141.0
2017-04-07,130.93,131.73,127.53,128.87,3222088.0
2017-04-10,130.39,131.46,129.67,130.52,2466267.0
2017-04-11,130.75,144.14,130.52,142.31,21670163.0
2017-04-12,143.52,143.87,135.17,138.52,13855550.0
2017-04-13,137.22,140.79,137.18,137.71,3552527.0
2017-04-17,137.13,139.54,135.61,135.88,2503821.0
2017-04-18,136.15,139.77,133.2,134.18,3926853.0
2017-04-19,134.45,137.22,133.11,135.75,2781891.0
2017-04-20,135.75,137.22,134.85,136.24,2465845.0
2017-04-21,136.64,140.08,136.19,138.07,4129468.0
2017-04-24,138.07,139.59,137.53,138.7,2658049.0
2017-04-25,141.24,141.95,139.32,140.03,3760502.0
2017-04-26,140.44,142.18,135.97,138.2,3744079.0
2017-04-27,138.7,139.72,137.58,138.34,2401418.0
2017-04-28,138.34,147.36,137.98,146.24,9799402.0
2017-05-02,148.25,153.34,148.12,150.35,10682223.0
2017-05-03,151.82,153.61,149.37,151.42,6983449.0
2017-05-04,152.72,155.22,151.6,153.43,6283758.0
2017-05-05,154.46,157.36,146.02,149.19,10079265.0
2017-05-08,149.19,152.14,148.34,148.92,4237261.0
2017-05-09,149.81,150.84,147.36,150.08,3213199.0
2017-05-10,151.56,152.4,150.08,150.75,2767838.0
2017-05-11,151.82,152.89,148.25,148.92,3408647.0
2017-05-12,149.95,150.75,146.6,147.89,3034575.0
2017-05-15,150.48,151.47,145.57,146.42,5654521.0
2017-05-16,147.72,154.68,147.4,153.97,9293032.0
2017-05-17,154.32,155.13,151.15,152.49,4633619.0
2017-05-18,150.89,152.4,147.58,148.61,3406212.0
2017-05-19,149.55,151.51,146.29,148.65,2486603.0
2017-05-22,150.04,150.75,145.04,145.88,2423848.0
2017-05-23,146.2,146.87,137.94,144.46,4071321.0
2017-05-24,144.32,146.24,138.92,140.84,3771928.0
2017-05-25,141.37,143.96,138.47,142.04,4339649.0
2017-05-26,142.45,150.35,141.46,149.41,3491426.0
2017-05-29,150.13,151.78,147.36,148.07,2787378.0
2017-05-30,147.27,152.27,146.64,151.24,2324318.0
2017-05-31,152.14,155.66,152.14,153.48,3977319.0
2017-06-01,153.7,160.53,152.67,159.77,7862369.0
2017-06-02,160.75,161.65,157.36,157.9,5793435.0
2017-06-05,158.34,159.33,155.08,156.87,1740827.0
2017-06-06,157.14,157.9,153.7,154.9,1774828.0
2017-06-07,155.13,157.76,154.95,157.14,2426769.0
2017-06-08,157.54,158.07,154.55,154.99,1837328.0
2017-06-09,154.95,155.71,153.88,155.13,1449710.0
2017-06-12,155.4,155.4,151.29,152.45,1979287.0
2017-06-13,152.72,156.78,152.45,154.82,3171891.0
2017-06-14,155.4,156.2,153.65,155.44,1897018.0
2017-06-15,154.68,157.76,153.88,156.47,2457946.0
2017-06-16,157.4,159.01,157.05,158.34,2675756.0
2017-06-19,158.61,160.26,157.4,157.99,1554222.0
2017-06-20,158.74,159.06,157.0,157.9,1069879.0
2017-06-21,157.58,157.76,154.73,155.66,2367054.0
2017-06-22,155.84,156.69,151.96,153.34,2595718.0
2017-06-23,153.34,153.39,143.74,147.31,5657913.0
2017-06-27,147.98,148.74,141.87,143.56,3075442.0
2017-06-28,142.71,145.13,141.11,144.54,1827608.0
2017-06-29,145.93,147.98,144.68,145.44,3042972.0
2017-06-30,144.59,146.78,142.89,145.57,1569378.0
2017-07-03,146.29,147.4,145.17,147.09,1206565.0
2017-07-04,146.55,148.43,145.3,146.24,1684907.0
2017-07-05,146.29,149.41,145.62,148.92,1977131.0
2017-07-06,150.8,151.48,149.15,150.06,2246247.0
2017-07-07,149.93,153.27,149.2,151.71,1965438.0
2017-07-10,164.7,164.7,151.16,153.22,951500.0
2017-07-11,153.91,154.41,149.42,149.97,2085370.0
2017-07-12,150.52,152.35,149.97,151.53,1598947.0
2017-07-13,152.72,153.31,150.06,151.25,1570355.0
2017-07-14,151.8,153.5,149.47,151.67,2352021.0
2017-07-17,149.61,149.88,144.67,145.17,4814411.0
2017-07-18,143.43,147.0,141.65,144.62,4934552.0
2017-07-19,145.03,145.9,143.02,144.3,1921263.0
2017-07-20,144.48,146.18,144.12,145.12,2010959.0
2017-07-21,145.49,145.67,141.28,143.71,2627167.0
2017-07-24,144.3,145.49,143.02,143.93,3067319.0
2017-07-25,144.57,144.85,143.11,143.38,1538082.0
2017-07-26,143.52,144.21,142.47,143.2,1499020.0
2017-07-27,143.52,143.84,138.17,138.81,3822082.0
2017-07-28,137.8,140.78,136.66,140.04,1915586.0
2017-07-31,140.04,142.52,139.31,140.82,1473795.0
2017-08-01,141.19,141.69,139.54,139.91,1079399.0
2017-08-02,140.09,140.82,138.86,139.91,1617432.0
2017-08-03,140.0,140.32,135.61,136.52,2384514.0
2017-08-04,136.25,137.21,134.97,136.06,2075710.0
2017-08-07,136.61,142.33,136.52,141.74,2207205.0
2017-08-08,141.83,142.06,137.21,137.94,2154136.0
2017-08-09,137.76,138.95,132.68,133.96,1877281.0
2017-08-10,132.77,133.09,121.74,126.32,3185613.0
2017-08-11,124.44,130.8,122.61,126.73,3935722.0
2017-08-14,128.01,131.08,127.88,130.57,1240101.0
2017-08-16,131.58,133.78,128.61,133.27,1843078.0
2017-08-17,132.91,137.94,132.18,135.88,2986919.0
2017-08-18,135.33,135.33,131.81,133.87,2060945.0
2017-08-21,134.6,135.06,129.25,129.75,1355371.0
2017-08-22,130.67,131.31,127.37,128.97,1695830.0
2017-08-23,129.84,132.59,129.75,132.13,1287326.0
2017-08-24,132.45,140.09,131.4,138.58,2792004.0
2017-08-28,139.72,140.69,138.12,139.59,2099290.0
2017-08-29,138.99,138.99,134.92,135.33,1723261.0
2017-08-30,137.07,138.95,136.48,137.39,1106762.0
2017-08-31,137.8,139.95,136.98,138.63,2743546.0
2017-09-01,138.67,142.1,138.44,140.32,1830143.0
2017-09-04,140.0,140.91,136.34,138.26,1413375.0
2017-09-05,138.81,141.78,138.03,140.87,1439392.0
2017-09-06,140.55,140.73,139.18,139.82,1391225.0
2017-09-07,140.09,141.1,138.12,138.4,1438400.0
2017-09-08,139.86,139.86,135.93,137.12,1747811.0
2017-09-11,138.17,139.18,137.44,138.35,1771365.0
2017-09-12,138.99,143.89,138.72,142.56,2466616.0
2017-09-13,142.74,144.57,141.01,141.55,2306821.0
2017-09-14,142.47,143.57,140.96,142.61,1324297.0
2017-09-15,141.83,142.24,139.08,140.82,1558043.0
2017-09-18,141.83,143.93,141.69,142.01,1049321.0
2017-09-19,142.29,143.29,141.1,141.65,1060752.0
2017-09-20,142.29,150.29,140.27,149.15,7974741.0
2017-09-21,149.88,150.43,143.29,145.9,4175258.0
2017-09-22,144.99,144.99,138.08,138.9,2650149.0
2017-09-25,138.03,138.63,132.91,134.74,3093519.0
2017-09-26,133.69,135.38,131.58,133.64,2772785.0
2017-09-27,134.6,135.1,129.25,129.93,2325461.0
2017-09-28,129.75,130.85,127.33,128.06,3208921.0
2017-09-29,128.65,131.67,128.65,129.52,1782526.0
2017-10-03,130.85,131.67,129.02,130.44,1253296.0
2017-10-04,130.71,133.59,130.25,132.18,1771209.0
2017-10-05,132.22,135.29,132.22,134.01,1815351.0
2017-10-06,134.28,135.38,133.82,134.23,1536268.0
2017-10-09,134.51,136.11,133.5,133.91,1715790.0
2017-10-10,134.05,135.65,133.96,134.74,1163401.0
2017-10-11,135.47,140.87,135.01,136.43,5508819.0
2017-10-12,137.99,141.05,136.61,140.32,3444764.0
2017-10-13,141.1,151.35,136.8,149.56,17351640.0
2017-10-16,150.2,150.8,144.16,146.59,7013438.0
2017-10-17,146.59,148.23,142.2,143.61,3302283.0
2017-10-18,143.29,147.46,142.38,145.99,3948411.0
2017-10-19,146.4,146.59,142.84,143.89,619433.0
2017-10-23,144.57,146.04,142.01,142.84,1975924.0
2017-10-24,143.61,147.55,143.11,145.72,2952534.0
2017-10-25,151.07,152.54,142.2,143.11,4180085.0
2017-10-26,142.74,146.4,141.83,142.7,2572094.0
2017-10-27,142.74,147.23,142.47,144.48,2770518.0
2017-10-30,144.48,147.32,143.89,145.35,2536546.0
2017-10-31,145.95,149.42,145.31,148.69,3174368.0
2017-11-01,150.52,152.08,148.23,148.69,3496947.0
2017-11-02,148.69,150.52,146.13,146.95,1761793.0
2017-11-03,148.01,155.1,146.82,154.23,6885214.0
2017-11-06,155.01,157.02,150.98,151.89,3395736.0
2017-11-07,152.08,153.5,143.8,144.76,3883611.0
2017-11-08,145.63,147.04,140.0,141.42,2837330.0
2017-11-09,142.52,144.94,140.09,142.24,2836230.0
2017-11-10,141.83,143.89,140.18,141.46,2135473.0
2017-11-13,142.84,144.35,141.1,143.02,2685882.0
2017-11-14,143.11,144.35,142.29,143.02,1649749.0
2017-11-15,142.47,145.76,140.64,141.42,2451121.0
2017-11-16,142.29,144.03,141.1,143.48,1204954.0
2017-11-17,145.95,146.63,142.88,143.89,2033992.0
2017-11-20,144.57,145.95,143.93,145.31,1383601.0
2017-11-21,146.31,146.86,144.57,145.03,1096411.0
2017-11-22,145.58,146.18,141.88,145.12,1837813.0
2017-11-23,145.86,148.42,144.89,146.36,3009333.0
2017-11-24,146.68,147.55,145.49,146.04,872767.0
2017-11-27,145.4,147.91,144.07,147.18,1372482.0
2017-11-28,147.32,147.32,144.57,145.17,1331160.0
2017-11-29,144.76,147.14,144.76,145.86,1521350.0
2017-11-30,145.21,145.54,141.05,141.88,1801519.0
2017-12-01,143.89,143.89,139.4,140.14,1737436.0
2017-12-04,140.46,141.46,138.63,139.5,1135791.0
2017-12-05,138.63,139.54,135.93,138.35,2133881.0
2017-12-06,137.89,138.63,134.83,135.56,1465706.0
2017-12-07,135.42,137.35,135.2,136.71,1450879.0
2017-12-08,137.25,139.27,137.25,138.63,1169559.0
2017-12-11,139.45,139.91,137.44,138.4,918026.0
2017-12-12,138.99,138.99,135.7,136.02,1111686.0
2017-12-13,135.79,137.8,131.99,133.05,1975445.0
2017-12-14,134.51,135.7,132.22,135.06,1491922.0
2017-12-15,136.34,136.98,134.69,135.1,1092635.0
2017-12-18,134.78,138.12,130.89,135.52,2023779.0
2017-12-19,135.84,137.89,135.84,137.16,1455188.0
2017-12-20,137.62,140.37,137.25,138.44,1930834.0
2017-12-21,139.08,140.46,138.63,138.86,1011212.0
2017-12-22,139.18,140.59,138.76,139.13,1096713.0
2017-12-26,138.86,140.0,138.17,139.68,925865.0
2017-12-27,139.91,141.28,137.94,138.99,1453524.0
2017-12-28,139.08,140.04,136.16,136.71,1116313.0
2017-12-29,137.25,139.54,137.07,138.76,1672158.0
2018-01-01,139.63,142.15,138.81,141.6,2789232.0
2018-01-02,142.1,142.97,139.36,140.78,1791301.0
2018-01-03,141.55,141.78,139.72,140.14,1405256.0
2018-01-04,140.55,143.48,140.46,142.24,3024130.0
2018-01-05,142.38,146.4,142.15,144.3,5646084.0
2018-01-08,145.03,146.36,144.12,145.49,2554836.0
2018-01-09,146.22,148.42,144.44,147.82,3113451.0
2018-01-10,148.51,149.7,146.31,147.5,2830106.0
2018-01-11,147.78,149.97,147.18,148.83,2849389.0
2018-01-12,149.74,154.37,146.86,152.9,15892991.0
2018-01-15,151.35,151.44,146.4,147.23,5178642.0
2018-01-16,147.14,147.87,139.72,140.41,4554446.0
2018-01-17,139.59,149.79,137.67,148.46,8052335.0
2018-01-18,153.72,155.01,142.61,144.57,13640919.0
2018-01-19,145.03,147.27,143.2,145.35,3649719.0
2018-01-22,145.49,146.45,143.25,144.89,2586359.0
2018-01-23,145.44,147.87,143.71,146.08,3345935.0
2018-01-24,145.4,145.99,142.29,143.02,3215539.0
2018-01-25,143.52,143.57,140.04,140.46,2305456.0
2018-01-29,140.91,141.55,135.97,136.84,2180696.0
2018-01-30,136.61,137.21,135.15,135.79,1792651.0
2018-01-31,135.24,136.93,133.27,134.97,2413820.0
2018-02-01,135.15,136.25,130.44,132.31,2821177.0
2018-02-02,129.93,130.99,125.27,127.05,3464788.0
2018-02-05,125.22,127.83,122.61,126.18,2516188.0
2018-02-06,118.95,123.39,118.04,121.38,4399966.0
2018-02-07,124.4,124.4,120.83,121.84,2194320.0
2018-02-08,122.16,126.09,122.16,124.76,2920934.0
2018-02-09,121.74,125.59,120.97,124.4,1662834.0
2018-02-12,124.9,129.29,124.9,127.55,2476669.0
2018-02-14,128.1,129.16,124.63,125.13,1806132.0
2018-02-15,125.63,127.74,122.61,123.57,2366605.0
2018-02-16,123.94,125.27,121.74,122.48,1482475.0
2018-02-19,122.57,123.3,117.67,121.47,1891397.0
2018-02-20,121.33,123.44,120.55,121.93,1681826.0
2018-02-21,123.07,123.48,120.28,120.92,1076875.0
2018-02-22,120.33,121.06,116.89,117.76,3490580.0
2018-02-23,117.81,122.52,117.81,122.11,2151261.0
2018-02-26,123.07,125.45,122.57,124.35,1795070.0
2018-02-27,124.9,125.36,122.25,122.98,1110804.0
2018-02-28,121.15,124.12,120.6,123.67,1418092.0
2018-03-01,123.25,124.4,120.97,121.42,1348076.0
2018-03-05,120.74,121.65,118.86,119.14,1212481.0
2018-03-06,120.05,121.1,116.39,117.03,1055111.0
2018-03-07,115.38,116.67,105.96,107.65,9997426.0
2018-03-08,108.52,109.71,101.02,107.7,7139113.0
2018-03-09,108.43,108.8,104.95,105.73,3055027.0
2018-03-12,106.74,107.88,98.82,106.05,7702902.0
2018-03-13,105.55,113.19,105.18,110.03,5073901.0
2018-03-14,109.8,112.96,105.78,112.09,3907577.0
2018-03-15,112.96,114.29,110.63,113.14,2521559.0
2018-03-16,112.59,114.56,110.08,110.95,2498330.0
2018-03-19,111.5,112.55,105.0,107.61,3666013.0
2018-03-20,107.24,109.12,105.5,108.66,1956776.0
2018-03-21,109.35,113.01,109.35,109.89,2654647.0
2018-03-22,110.49,110.86,107.42,107.74,3232696.0
2018-03-23,105.23,107.7,104.36,106.78,2188689.0
2018-03-26,106.42,108.89,104.77,108.39,2430776.0
2018-03-27,109.44,110.86,108.89,109.44,3544049.0
2018-03-28,109.21,109.21,104.36,105.14,4325793.0
2018-04-02,102.99,105.05,100.61,104.4,6129303.0
2018-04-03,103.9,108.89,103.12,108.52,3434894.0
2018-04-04,111.86,112.46,108.52,109.12,6073346.0
2018-04-05,110.26,112.91,110.26,112.27,2383365.0
2018-04-06,112.46,115.98,110.9,115.61,4222858.0
2018-04-09,115.52,116.44,114.01,115.11,2110072.0
2018-04-10,116.21,116.62,114.06,114.42,1933571.0
2018-04-11,114.56,114.84,112.55,113.46,2105186.0
2018-04-12,113.65,116.21,112.73,114.42,2476163.0
2018-04-13,114.42,115.71,114.01,114.84,1596870.0
2018-04-16,114.38,114.84,112.55,114.29,3225634.0
2018-04-17,114.47,115.61,113.51,113.78,1886508.0
2018-04-18,114.38,114.7,111.5,111.77,1995282.0
2018-04-19,111.91,112.41,109.57,110.03,1827665.0
2018-04-20,107.97,109.57,107.33,109.03,2307412.0
2018-04-23,108.75,110.49,107.97,108.71,1596110.0
2018-04-24,109.16,109.53,106.88,107.65,1508811.0
2018-04-25,107.56,107.84,106.33,107.01,1091447.0
2018-04-26,107.06,107.65,106.28,106.83,3162077.0
2018-04-27,107.79,114.1,107.52,112.09,4575645.0
2018-04-30,112.87,112.87,110.72,111.95,1130710.0
2018-05-02,113.01,113.19,110.03,110.86,1159953.0
2018-05-03,110.44,111.18,108.25,108.93,1440047.0
2018-05-04,108.89,110.31,108.06,108.48,1168902.0
2018-05-07,109.12,109.57,107.06,108.48,1542456.0
2018-05-08,108.93,112.37,108.29,110.81,2299102.0
2018-05-09,110.9,111.5,108.39,108.57,1477769.0
2018-05-10,108.89,109.25,102.57,102.99,3218594.0
2018-05-11,103.4,106.6,102.39,104.27,1922399.0
2018-05-14,104.63,104.77,101.57,103.31,1938168.0
2018-05-15,102.8,106.6,98.46,101.43,5455705.0
2018-05-16,98.32,110.22,98.18,106.88,15830269.0
2018-05-17,106.55,108.89,104.5,108.06,5413036.0
2018-05-18,107.97,112.41,107.61,110.35,6315634.0
2018-05-21,109.99,111.08,104.91,105.59,3997382.0
2018-05-22,105.69,109.03,104.18,108.16,2692434.0
2018-05-23,107.7,110.58,107.52,108.66,2861049.0
2018-05-24,108.89,109.76,105.37,106.83,2172767.0
2018-05-25,107.33,109.03,105.91,108.61,1211963.0
2018-05-28,109.07,112.46,108.71,112.09,2972558.0
2018-05-29,112.55,113.97,110.58,112.09,4121796.0
2018-05-30,110.67,112.87,110.31,111.4,2420975.0
2018-05-31,111.63,112.14,109.39,109.76,1650560.0
2018-06-01,110.17,112.27,108.84,109.48,1822770.0
2018-06-04,109.8,110.4,106.28,106.78,1543505.0
2018-06-05,106.14,107.29,104.54,105.55,2195754.0
2018-06-06,105.82,108.11,104.77,107.33,1700871.0
2018-06-07,108.16,109.57,103.44,109.21,1856657.0
2018-06-08,108.84,110.03,107.38,108.98,1447081.0
2018-06-11,109.3,111.54,108.71,109.67,1760095.0
2018-06-12,110.72,110.76,108.61,109.94,1382105.0
2018-06-13,110.17,111.5,109.57,110.03,1953684.0
2018-06-14,109.8,111.5,109.35,110.86,1540545.0
2018-06-15,110.9,111.27,107.97,108.11,1649477.0
2018-06-18,107.7,108.61,106.37,106.74,1321837.0
2018-06-19,105.96,107.29,104.77,105.23,1572224.0
2018-06-20,105.59,106.51,104.54,106.19,1175111.0
2018-06-21,106.23,106.55,104.95,105.78,1322734.0
2018-06-22,105.32,107.97,104.63,106.88,1076216.0
2018-06-25,106.51,107.42,104.77,105.32,1266958.0
2018-06-26,104.86,106.1,103.99,105.05,1455043.0
2018-06-27,105.14,105.23,100.74,101.52,2689344.0
2018-06-28,101.43,102.48,96.17,96.81,4971923.0
2018-06-29,97.18,100.74,97.08,100.38,2609408.0
2018-07-02,100.38,100.38,96.4,98.59,2156499.0
2018-07-03,98.41,99.92,97.08,99.42,1911188.0
2018-07-04,99.28,100.15,98.59,99.14,929667.0
2018-07-05,99.33,99.65,97.82,98.96,1553509.0
2018-07-06,98.82,101.84,98.55,100.88,1563321.0
2018-07-09,102.48,108.71,101.66,108.2,5858092.0
2018-07-10,107.97,109.71,106.46,108.29,4148220.0
2018-07-11,108.39,112.05,107.96,111.49,3921328.0
2018-07-12,115.48,122.61,113.85,119.53,14801115.0
2018-07-13,117.51,117.51,109.22,110.28,16470227.0
2018-07-16,111.24,111.24,105.85,106.81,4834842.0
2018-07-17,105.85,111.15,104.02,108.74,5454756.0
2018-07-18,109.03,109.99,104.26,105.37,3907151.0
2018-07-19,105.51,108.07,103.06,105.27,3981529.0
2018-07-20,105.32,106.43,103.97,104.65,1983030.0
2018-07-23,104.98,107.34,103.83,106.43,3547402.0
2018-07-24,106.91,109.27,106.57,108.5,3101819.0
2018-07-25,108.64,119.34,107.87,109.85,3274323.0
2018-07-26,110.67,113.6,110.28,111.0,2967161.0
2018-07-27,111.82,113.27,111.58,111.97,2967277.0
2018-07-30,112.45,115.1,112.21,113.6,3370488.0
2018-07-31,113.75,113.99,110.76,111.68,2157063.0
2018-08-01,111.73,114.28,111.58,113.17,2423569.0
2018-08-02,112.59,112.93,110.81,111.49,1285542.0
2018-08-03,111.68,113.65,111.68,113.56,1561159.0
2018-08-06,114.13,116.64,113.12,114.71,3400228.0
2018-08-07,115.1,116.21,112.74,114.71,2291897.0
2018-08-08,115.1,120.64,114.81,118.61,8842313.0
2018-08-09,118.47,121.74,117.36,119.0,3711740.0
2018-08-10,118.23,118.9,114.42,115.0,2780981.0
2018-08-13,113.46,115.1,111.97,113.03,1755730.0
2018-08-14,113.03,115.1,112.98,114.76,1353659.0
2018-08-16,114.62,117.17,113.36,114.42,2263649.0
2018-08-17,115.0,116.3,114.52,115.34,1548296.0
2018-08-20,115.92,116.4,114.28,115.53,1303455.0
2018-08-21,115.92,120.78,114.66,119.86,6397151.0
2018-08-23,119.72,119.72,115.92,116.83,2611944.0
2018-08-24,116.54,117.6,114.09,114.81,1803444.0
2018-08-27,115.63,117.31,114.86,116.06,1485150.0
2018-08-28,116.45,117.02,114.71,115.72,1299950.0
2018-08-29,115.82,117.31,115.19,116.06,1029758.0
2018-08-30,116.35,116.35,113.94,114.47,2021747.0
2018-08-31,114.28,115.53,113.46,115.15,1510127.0
2018-09-03,115.68,117.99,114.86,115.53,2177140.0
2018-09-04,115.34,115.92,110.96,111.49,2073521.0
2018-09-05,110.81,112.35,109.9,111.77,1872915.0
2018-09-06,113.17,113.51,111.58,113.12,1641408.0
2018-09-07,113.56,114.42,112.21,113.8,1144832.0
2018-09-10,113.46,113.94,110.57,111.1,1607123.0
2018-09-11,111.73,112.16,108.5,109.27,1426515.0
2018-09-12,109.8,111.05,107.68,110.52,2003015.0
2018-09-14,111.1,112.79,110.96,112.54,1085501.0
2018-09-17,112.02,112.5,110.43,111.63,1544389.0
2018-09-18,112.69,113.07,108.69,109.17,1932482.0
2018-09-19,109.75,110.28,107.39,108.21,1572757.0
2018-09-21,108.55,109.37,101.13,103.2,4787432.0
2018-09-24,104.98,104.98,95.88,97.42,4044483.0
2018-09-25,96.17,99.21,93.52,98.0,7242979.0
2018-09-26,98.0,99.4,95.98,98.34,2788232.0
2018-09-27,97.86,99.16,95.83,96.22,1910830.0
2018-09-28,96.32,97.47,92.75,93.62,3309032.0
2018-10-01,93.86,96.27,90.06,95.74,3424928.0
2018-10-03,96.17,98.96,94.05,96.36,2551111.0
2018-10-04,95.83,97.04,93.43,94.24,2381558.0
2018-10-05,93.86,95.83,91.69,92.7,2526807.0
2018-10-08,92.46,96.03,92.08,95.64,3638412.0
2018-10-09,96.32,97.52,93.14,93.86,2750778.0
2018-10-10,94.0,98.24,93.62,97.47,2207485.0
2018-10-11,95.06,98.05,93.96,95.16,2613224.0
2018-10-12,95.83,103.06,92.75,94.68,20017703.0
2018-10-15,95.16,95.93,92.85,95.16,6301788.0
2018-10-16,95.93,96.85,95.11,95.79,2982544.0
2018-10-17,97.57,97.76,93.91,94.44,2838072.0
2018-10-19,93.72,95.3,93.14,94.05,2415429.0
2018-10-22,95.26,95.83,92.08,92.61,2319478.0
2018-10-23,91.55,92.8,89.24,90.58,3223794.0
2018-10-24,91.4,91.89,90.25,91.26,1738229.0
2018-10-25,91.02,93.04,89.72,91.36,2284217.0
2018-10-26,90.97,93.72,90.68,92.56,2669204.0
2018-10-29,92.66,95.26,91.55,94.77,2012151.0
2018-10-30,94.73,101.85,94.44,98.58,6765163.0
2018-10-31,99.16,100.17,96.32,99.78,2202243.0
2018-11-01,100.65,100.94,99.21,100.22,1570338.0
2018-11-02,101.04,102.82,99.59,100.36,2567172.0
2018-11-05,100.55,102.0,99.35,101.23,1531222.0
2018-11-06,102.05,103.54,101.32,101.9,1929092.0
2018-11-07,102.58,103.54,101.61,101.95,494948.0
2018-11-09,102.09,104.07,101.81,103.73,1812204.0
2018-11-12,104.5,104.5,100.79,101.61,1476117.0
2018-11-13,101.95,102.87,99.25,102.29,1438783.0
2018-11-14,103.06,104.41,101.85,103.15,1873691.0
2018-11-15,103.01,104.21,101.32,103.15,1101885.0
2018-11-16,103.64,104.84,103.06,103.68,1879237.0
2018-11-19,103.73,105.56,102.62,103.78,1667702.0
2018-11-20,103.44,103.44,99.74,100.22,1983817.0
2018-11-21,99.98,101.08,98.72,100.31,1800486.0
2018-11-22,100.46,100.94,97.95,98.43,2557645.0
2018-11-26,98.96,99.11,96.6,98.58,1198785.0
2018-11-27,98.39,100.75,98.1,100.22,1608162.0
2018-11-28,100.46,100.7,97.33,98.0,1077232.0
2018-11-29,98.58,99.64,97.76,98.87,1272823.0
2018-11-30,99.01,101.37,98.63,99.74,1761945.0
2018-12-03,100.26,101.71,98.72,100.99,1699272.0
2018-12-04,100.55,101.13,99.4,99.88,701456.0
2018-12-05,99.45,99.98,97.95,98.39,773087.0
2018-12-06,98.0,100.07,97.38,99.21,1641298.0
2018-12-07,99.78,100.41,98.68,99.3,1785800.0
2018-12-10,97.95,99.45,94.77,97.47,2819757.0
2018-12-11,96.99,100.12,95.88,99.54,1723646.0
2018-12-12,100.46,103.92,98.53,103.25,2581059.0
2018-12-13,104.12,104.94,102.38,104.07,1686308.0
2018-12-14,104.07,104.89,102.82,104.55,935388.0
2018-12-17,104.55,106.62,104.02,104.79,1582004.0
2018-12-18,104.31,106.14,103.35,106.0,1059290.0
2018-12-19,106.91,107.97,106.0,107.25,3136302.0
2018-12-20,106.72,109.17,105.95,107.25,3182415.0
2018-12-21,107.68,107.68,103.64,104.21,2028890.0
2018-12-24,104.45,105.56,103.49,104.31,1048170.0
2018-12-26,104.02,107.01,101.71,105.8,1826401.0
2018-12-27,106.33,107.34,105.37,106.28,2189903.0
2018-12-28,106.53,109.66,106.38,108.36,2031479.0
2018-12-31,109.22,109.8,107.68,108.07,1141455.0
2019-01-01,108.11,109.56,107.49,109.08,1464911.0
2019-01-02,108.84,109.99,106.91,107.44,1576890.0
2019-01-03,107.87,108.69,105.75,106.09,994855.0
2019-01-04,105.95,111.05,105.95,110.71,3504650.0
2019-01-07,111.24,111.44,108.93,109.41,2015906.0
2019-01-08,109.46,111.82,108.74,111.49,1208410.0
2019-01-09,111.97,112.16,107.49,109.7,2277090.0
2019-01-10,109.8,111.44,109.03,111.05,2057320.0
2019-01-11,111.44,113.27,109.9,111.82,11964442.0
2019-01-14,112.11,116.54,110.91,114.66,7169759.0
2019-01-15,114.81,115.58,113.27,114.9,2170187.0
2019-01-16,115.19,116.59,114.09,114.81,1842887.0
2019-01-17,115.29,117.12,113.27,116.49,2020824.0
2019-01-18,116.69,119.0,115.19,117.6,5294119.0
2019-01-21,118.47,118.56,115.34,115.82,2017641.0
2019-01-22,115.24,116.59,113.75,114.09,1661117.0
2019-01-23,114.09,115.48,113.7,114.13,892349.0
2019-01-24,114.28,116.78,113.85,116.25,1397681.0
2019-01-25,116.45,117.07,112.45,113.12,1549920.0
2019-01-28,113.22,113.65,110.57,111.77,1426205.0
2019-01-29,111.82,114.62,110.71,113.75,1214474.0
2019-01-30,113.85,114.95,112.3,113.56,946769.0
2019-01-31,113.56,117.75,111.73,115.58,2395024.0
2019-02-01,116.06,117.02,110.96,113.65,2289610.0
2019-02-04,113.94,113.94,111.24,112.64,986378.0
2019-02-05,112.21,113.32,110.57,111.15,951478.0
2019-02-06,111.77,112.93,109.08,112.4,1097134.0
2019-02-07,112.45,117.84,111.73,116.64,2326196.0
2019-02-08,115.96,116.11,111.0,111.92,2561294.0
2019-02-11,111.73,112.35,109.03,109.46,1273403.0
2019-02-12,109.66,111.53,108.93,110.28,839724.0
2019-02-13,109.66,111.53,108.93,110.28,839724.0
2019-02-14,105.47,111.92,104.65,110.67,2440257.0
2019-02-15,109.41,110.19,106.91,107.73,1356681.0
2019-02-18,107.87,109.03,105.95,106.91,1424102.0
2019-02-19,106.72,110.14,106.24,108.16,1256763.0
2019-02-20,108.64,110.23,108.26,109.66,871549.0
2019-02-21,109.75,111.24,108.88,110.57,1844845.0
2019-02-22,110.47,112.21,109.51,110.76,963024.0
2019-02-25,110.71,111.15,109.27,110.57,1065313.0
2019-02-26,109.41,109.7,104.84,108.02,2263234.0
2019-02-27,108.79,110.62,106.57,107.3,1443037.0
2019-02-28,108.16,108.84,107.05,108.11,1578634.0
2019-03-01,108.74,111.87,108.5,111.39,1646521.0
2019-03-05,110.76,115.48,110.09,115.15,2281611.0
2019-03-06,115.15,118.95,114.33,116.49,2332984.0
2019-03-07,116.69,117.79,114.23,115.96,1922132.0
2019-03-08,115.77,116.4,113.65,113.94,973458.0
2019-03-11,114.42,122.61,113.8,120.35,4850796.0
2019-03-12,121.36,123.28,118.32,120.3,3767571.0
2019-03-13,120.39,125.64,118.56,124.54,5387686.0
2019-03-14,126.03,126.08,121.65,123.14,5438970.0
2019-03-15,123.67,124.87,122.37,123.04,3478124.0
2019-03-18,124.83,127.23,123.14,124.05,4758690.0
2019-03-19,124.73,127.62,123.43,125.45,3314871.0
2019-03-20,126.27,129.54,125.6,126.37,5034266.0
2019-03-22,126.66,127.09,122.95,123.86,2250550.0
2019-03-25,120.39,121.79,118.95,120.59,3449505.0
2019-03-26,119.53,126.46,119.53,125.64,4386231.0
2019-03-27,126.41,127.43,124.49,127.09,3880438.0
2019-03-28,127.71,129.64,126.66,128.63,3480096.0
2019-03-29,127.71,129.64,126.66,128.63,3480096.0
2019-04-01,129.45,132.82,129.3,130.12,3310763.0
2019-04-02,131.95,132.58,128.15,129.01,3824291.0
2019-04-03,129.74,131.09,126.32,126.8,2452320.0
2019-04-04,127.09,128.0,125.79,126.41,1584632.0
2019-04-05,127.62,132.72,127.04,131.66,4604677.0
2019-04-08,134.84,136.05,128.87,130.36,5559084.0
2019-04-09,130.51,130.75,125.93,130.12,3008311.0
2019-04-10,129.74,130.6,125.74,127.33,2095732.0
2019-04-11,128.15,130.32,126.66,129.54,2686649.0
2019-04-12,129.93,131.18,129.3,130.17,2047501.0
2019-04-15,130.22,131.28,129.11,130.07,1659313.0
2019-04-16,130.36,133.11,129.64,132.39,2497940.0
2019-04-18,132.39,133.16,128.53,130.12,2849280.0
2019-04-22,129.74,129.74,125.74,126.51,2045791.0
2019-04-23,126.41,127.23,121.31,121.65,4152348.0
2019-04-24,122.42,124.39,121.45,123.81,1900171.0
2019-04-25,124.05,126.03,122.9,124.05,2568161.0
2019-04-26,123.28,125.6,123.09,124.73,1240488.0
2019-04-30,124.25,124.68,120.68,122.13,1078129.0
2019-05-02,121.36,123.91,120.73,121.84,1808835.0
2019-05-03,122.13,124.39,121.74,124.01,1117238.0
2019-05-06,122.95,125.64,122.32,123.91,1716962.0
2019-05-07,124.25,125.93,118.85,119.62,2348293.0
2019-05-08,118.85,119.91,116.2,116.93,1764353.0
2019-05-09,116.3,117.41,114.81,116.25,2150144.0
2019-05-10,116.54,118.9,116.35,118.42,1448199.0
2019-05-13,118.37,120.06,112.88,113.75,3437516.0
2019-05-14,111.53,111.73,105.37,108.11,9584183.0
2019-05-15,109.03,109.75,106.72,107.3,1911206.0
2019-05-16,107.87,108.69,106.43,107.39,1624674.0
2019-05-17,107.49,108.31,105.37,105.85,2024106.0
2019-05-20,109.32,113.85,108.21,112.64,2709946.0
2019-05-21,113.32,113.6,108.07,108.6,2286626.0
2019-05-22,108.88,109.22,107.01,107.34,1689374.0
2019-05-23,109.8,112.79,105.71,106.48,3254927.0
2019-05-24,107.01,111.24,107.01,110.91,2115459.0
2019-05-27,111.63,115.29,110.76,114.23,2301310.0
2019-05-28,114.47,114.52,111.44,112.26,2154913.0
2019-05-29,111.97,112.02,108.64,109.17,1719680.0
2019-05-30,109.61,109.99,108.36,109.7,1533652.0
2019-05-31,110.19,112.3,107.68,108.55,2316243.0
2019-06-03,108.64,109.99,107.49,108.98,1686746.0
2019-06-04,108.84,111.34,107.87,109.27,2106447.0
2019-06-06,109.27,109.8,102.67,103.06,4744289.0
2019-06-07,102.48,104.02,98.96,103.06,4780397.0
2019-06-10,103.92,105.27,100.94,103.78,2549340.0
2019-06-11,103.78,104.98,102.0,104.17,2415591.0
2019-06-12,104.02,106.19,103.2,104.94,1841486.0
2019-06-13,104.12,104.79,101.61,104.12,2440236.0
2019-06-14,104.02,104.65,102.29,102.72,1780703.0
2019-06-17,102.67,103.01,100.7,101.23,1512170.0
2019-06-18,101.23,101.61,97.71,98.39,2570092.0
2019-06-19,98.63,99.64,96.03,97.09,3844694.0
2019-06-20,97.57,99.93,96.22,99.69,2128384.0
2019-06-21,99.69,100.51,98.19,99.4,1553143.0
2019-06-24,99.4,99.83,97.76,98.34,1925264.0
2019-06-25,98.05,101.13,97.38,100.75,1949272.0
2019-06-26,100.46,101.81,98.63,99.06,2890262.0
2019-06-27,99.93,103.39,97.81,99.74,7421064.0
2019-06-28,100.17,101.61,99.74,100.07,1190738.0
2019-07-01,100.55,101.13,99.54,100.22,695089.0
2019-07-02,100.36,100.65,98.82,99.3,730965.0
2019-07-03,99.59,100.99,99.35,100.12,820241.0
2019-07-04,100.36,102.05,100.17,101.32,833798.0
2019-07-05,101.61,101.71,97.95,98.77,1178746.0
2019-07-08,98.24,98.72,96.8,97.9,918592.0
2019-07-09,97.76,97.9,96.56,96.85,1332198.0
2019-07-10,96.85,97.52,95.83,96.32,747459.0
2019-07-11,96.89,97.18,95.83,96.36,1161033.0
2019-07-12,97.23,98.72,96.51,97.86,2384391.0
2019-07-15,99.21,100.94,97.66,98.48,2556559.0
2019-07-16,98.72,99.06,95.35,96.36,1722517.0
2019-07-17,96.51,97.28,95.35,95.74,1080637.0
2019-07-18,95.74,95.79,92.85,93.14,1327519.0
2019-07-19,93.52,94.1,91.89,92.75,1135476.0
2019-07-22,92.61,93.23,92.03,92.61,691967.0
2019-07-23,92.75,93.67,92.17,92.75,829269.0
2019-07-24,92.75,92.94,90.63,91.45,1061085.0
2019-07-25,91.31,91.5,90.1,90.97,880171.0
2019-07-26,90.63,91.79,90.39,91.5,1230739.0
2019-07-29,92.7,93.15,90.0,90.1,1305672.0
2019-07-30,90.2,90.35,83.3,84.3,3585267.0
2019-07-31,83.65,85.1,81.65,84.1,1286185.0
2019-08-01,83.1,85.7,83.1,84.65,1067322.0
2019-08-02,84.0,84.3,82.8,83.1,1061599.0
2019-08-05,82.55,82.55,79.4,81.2,991955.0
2019-08-06,80.55,82.65,79.9,80.45,1037000.0
2019-08-07,80.6,82.0,78.25,78.75,1220197.0
2019-08-08,79.05,81.5,78.75,81.05,935150.0
2019-08-09,81.55,82.95,80.5,80.85,990184.0
2019-08-13,80.7,80.9,78.0,78.25,1072900.0
2019-08-14,78.6,79.35,77.65,78.35,1060361.0
2019-08-16,78.2,79.25,77.4,78.8,647772.0
2019-08-19,79.35,80.1,77.4,77.95,1154029.0
2019-08-20,78.0,78.45,76.55,76.75,737881.0
2019-08-21,76.5,76.7,74.0,74.3,817530.0
2019-08-22,74.2,74.85,73.1,73.5,572934.0
2019-08-23,73.0,75.5,71.65,75.3,771408.0
2019-08-26,77.7,78.3,76.1,76.7,955424.0
2019-08-27,78.65,78.8,76.75,78.25,1140775.0
2019-08-28,78.5,78.8,75.2,75.75,870241.0
2019-08-29,75.5,76.25,74.5,75.15,689753.0
2019-08-30,75.35,75.75,74.75,75.05,667045.0
2019-09-03,74.7,75.15,74.1,74.8,400228.0
2019-09-04,74.85,75.75,74.2,75.25,453537.0
2019-09-05,75.5,76.9,75.25,75.45,539901.0
2019-09-06,75.65,76.75,74.85,75.9,635113.0
2019-09-09,75.95,77.35,75.5,76.85,712829.0
2019-09-11,77.05,79.8,76.75,78.55,862962.0
2019-09-12,79.5,81.4,77.3,77.95,1481413.0
2019-09-13,78.95,78.95,76.9,78.3,592755.0
2019-09-16,77.5,78.8,77.4,78.25,498761.0
2019-09-17,78.0,78.65,77.0,77.05,552026.0
2019-09-18,77.3,77.75,76.45,77.35,341746.0
2019-09-19,77.4,77.4,75.25,75.55,451081.0
2019-09-20,75.6,80.9,75.2,79.15,1674269.0
2019-09-23,80.9,82.95,80.3,81.55,1201462.0
2019-09-24,81.95,82.4,81.1,81.5,747514.0
2019-09-25,81.2,81.2,78.4,78.95,552518.0
2019-09-26,79.0,79.7,78.15,78.5,960213.0
2019-09-27,79.3,79.35,77.1,77.3,801659.0
2019-09-30,77.15,78.0,75.3,75.65,551642.0
2019-10-01,75.7,76.35,71.25,73.65,1026341.0
2019-10-03,73.4,74.0,71.7,72.2,718029.0
2019-10-04,72.5,73.35,71.25,71.55,727992.0
2019-10-07,71.55,72.4,71.2,71.45,474513.0
2019-10-09,71.7,72.5,71.1,72.0,677637.0
2019-10-10,71.8,72.1,70.4,71.0,553001.0
2019-10-11,71.2,72.05,70.5,71.1,765112.0
2019-10-14,71.6,71.75,70.5,70.65,816787.0
2019-10-15,71.0,71.75,69.1,70.65,1548026.0
2019-10-16,69.95,69.95,68.2,68.8,2074057.0
2019-10-17,68.8,69.4,67.8,68.7,1078288.0
2019-10-18,68.8,71.45,68.0,69.0,1796720.0
2019-10-22,69.4,72.0,69.05,71.15,1357795.0
2019-10-23,71.3,73.15,71.2,72.05,1012757.0
2019-10-24,72.35,73.45,71.25,73.25,791415.0
2019-10-25,73.45,73.45,71.65,72.4,1088358.0
2019-10-29,73.5,74.8,72.8,74.25,668990.0
2019-10-30,74.1,76.85,74.1,75.5,769603.0
2019-10-31,76.3,80.7,76.0,78.05,1471153.0
2019-11-01,78.4,80.35,78.2,79.05,741570.0
2019-11-04,80.0,80.7,79.2,79.9,626792.0
2019-11-05,80.25,80.25,77.8,78.2,475440.0
2019-11-06,77.5,79.0,77.1,78.1,410723.0
2019-11-07,78.2,78.7,77.15,77.5,556865.0
2019-11-08,77.0,79.2,76.3,78.15,754211.0
2019-11-11,78.1,78.2,76.55,77.05,549653.0
2019-11-13,77.25,77.25,75.1,75.95,811668.0
2019-11-14,76.0,79.5,75.3,75.85,1224393.0
2019-11-15,76.0,77.3,75.45,76.7,640324.0
2019-11-18,77.25,77.5,74.5,74.95,1051816.0
2019-11-19,75.0,76.9,73.85,75.35,1327898.0
2019-11-20,75.3,75.55,74.45,74.65,932304.0
2019-11-21,74.65,74.9,73.55,73.75,652868.0
2019-11-22,74.0,74.15,73.1,73.45,796205.0
2019-11-25,73.95,74.1,73.15,73.55,566176.0
2019-11-26,73.9,74.65,72.9,74.1,1177356.0
2019-11-27,74.1,75.0,74.1,74.35,614188.0
2019-11-28,74.7,77.45,74.1,76.75,1842068.0
2019-11-29,77.4,78.6,77.0,77.95,1275319.0
2019-12-02,75.7,78.65,75.7,77.45,585594.0
2019-12-03,77.5,77.55,74.5,75.2,744496.0
2019-12-04,74.45,75.95,74.05,75.15,667599.0
2019-12-05,74.65,75.6,74.15,74.55,729012.0
2019-12-06,74.55,75.35,73.95,74.3,574998.0
2019-12-09,74.2,75.85,73.65,74.8,550852.0
2019-12-10,75.1,75.35,73.3,73.65,373137.0
2019-12-11,74.05,74.05,72.25,72.65,437743.0
2019-12-12,72.75,73.8,71.95,72.3,686875.0
2019-12-13,72.4,73.0,71.65,71.9,892445.0
2019-12-16,72.25,72.5,70.75,70.95,588395.0
2019-12-17,71.5,71.9,70.75,71.5,632996.0
2019-12-18,71.75,72.1,71.2,71.65,559154.0
2019-12-19,71.65,71.65,71.0,71.15,352016.0
2019-12-20,71.4,71.9,71.1,71.55,515745.0
2019-12-23,71.55,73.5,71.5,72.7,972096.0
2019-12-24,72.85,72.9,71.75,71.95,401254.0
2019-12-26,71.95,72.5,71.55,71.8,383010.0
2019-12-27,72.25,72.5,72.0,72.35,407793.0
2019-12-30,72.6,72.8,72.1,72.6,469799.0
2019-12-31,72.5,72.55,71.8,72.05,668980.0
2020-01-01,72.0,72.6,72.0,72.45,353719.0
2020-01-02,72.4,73.9,72.15,73.35,829777.0
2020-01-03,73.3,74.85,72.95,74.2,698212.0
2020-01-06,73.3,74.1,71.55,71.9,633085.0
2020-01-07,72.6,72.95,72.35,72.8,324887.0
2020-01-08,71.9,72.85,71.75,72.3,338620.0
2020-01-09,72.6,74.4,72.6,73.8,888516.0
2020-01-10,74.0,75.8,73.55,73.9,716335.0
2020-01-13,74.0,75.4,74.0,75.2,551684.0
2020-01-14,75.35,77.8,75.3,76.85,1246346.0
2020-01-15,77.25,78.45,76.85,77.9,1077294.0
2020-01-16,78.9,79.9,77.05,78.45,2126156.0
2020-01-17,76.7,76.9,74.0,74.8,1985742.0
2020-01-20,75.2,75.55,74.5,74.85,629088.0
2020-01-21,74.65,75.4,73.15,73.9,949985.0
2020-01-22,74.0,74.2,73.0,73.5,470218.0
2020-01-23,73.5,75.2,73.5,74.4,654118.0
2020-01-24,74.3,75.9,74.15,75.6,773504.0
2020-01-27,74.35,75.3,74.3,74.55,543965.0
2020-01-28,74.9,77.5,74.6,75.6,1576294.0
2020-01-29,76.05,76.45,75.3,75.8,337294.0
2020-01-30,75.6,75.65,74.45,74.7,336900.0
2020-01-31,75.0,75.45,73.5,73.85,449021.0
2020-02-03,73.0,73.0,69.75,69.95,764830.0
2020-02-04,70.45,75.0,69.4,73.15,2144924.0
2020-02-05,74.0,74.7,72.65,73.25,574643.0
2020-02-06,73.5,76.8,72.85,75.0,1326597.0
2020-02-07,75.05,76.6,73.8,75.5,842443.0
2020-02-10,75.05,75.5,74.0,74.6,514420.0
2020-02-11,75.2,75.45,74.25,75.0,422998.0
2020-02-12,75.05,75.45,73.65,73.9,512900.0
2020-02-13,73.85,81.0,73.55,79.45,3882289.0
2020-02-14,81.8,82.5,77.2,78.5,1925090.0
2020-02-17,78.5,78.85,76.5,76.85,625323.0
2020-02-18,76.75,77.2,75.0,76.55,675155.0
2020-02-19,76.55,77.4,76.0,76.3,445991.0
2020-02-20,76.4,77.5,76.05,76.25,633171.0
2020-02-24,75.6,75.95,73.45,73.7,577414.0
2020-02-25,74.0,74.35,72.5,72.8,391697.0
2020-02-26,72.5,73.0,71.5,71.75,437474.0
2020-02-27,71.75,74.9,69.95,73.5,1286561.0
2020-02-28,71.4,71.5,69.4,69.6,1164205.0
2020-03-02,70.25,71.3,68.0,69.3,933144.0
2020-03-03,69.9,70.4,68.7,69.45,564219.0
2020-03-04,69.9,69.95,67.55,68.2,770641.0
2020-03-05,68.5,69.45,67.55,68.05,656392.0
2020-03-06,66.9,66.9,63.1,66.5,1446890.0
2020-03-09,63.7,64.8,61.0,61.75,1347094.0
2020-03-11,56.27,57.64,55.41,56.5,1270965.0
2020-03-12,54.32,54.45,50.23,50.77,3302367.0
2020-03-13,47.27,52.73,40.64,52.18,2523309.0
2020-03-16,50.91,50.91,47.14,47.36,2006604.0
2020-03-17,50.0,51.9,48.5,49.85,2659141.0
2020-03-18,50.5,50.9,44.25,45.5,3065108.0
2020-03-19,42.25,48.0,41.0,45.25,1711131.0
2020-03-20,45.95,49.4,45.25,48.1,2563806.0
2020-03-23,45.5,47.95,41.5,43.0,1790185.0
2020-03-24,44.1,44.8,38.05,42.05,1804976.0
2020-03-25,40.9,42.7,39.35,41.1,847347.0
2020-03-26,41.6,42.75,40.5,41.4,2668537.0
2020-03-27,42.5,44.1,41.0,42.4,1989861.0
2020-03-30,40.55,41.5,40.2,40.6,2771901.0
2020-03-31,41.45,43.0,40.5,42.05,1037281.0
2020-04-01,41.75,42.5,41.2,42.15,535757.0
2020-04-03,42.95,42.95,41.1,42.15,648200.0
2020-04-07,42.9,43.8,42.6,43.45,1036548.0
2020-04-08,43.4,45.75,42.7,43.75,1140191.0
2020-04-09,44.5,44.75,44.0,44.4,720412.0
2020-04-13,44.5,44.5,42.55,43.8,1768843.0
2020-04-15,44.1,44.95,43.55,44.05,2027206.0
2020-04-16,44.0,45.25,43.5,44.9,612592.0
2020-04-17,47.0,47.0,43.6,44.0,2985437.0
2020-04-20,44.45,45.35,43.7,44.25,1861731.0
2020-04-21,43.7,43.75,42.2,42.7,1360114.0
2020-04-22,42.7,43.75,42.05,43.0,656945.0
2020-04-23,43.5,44.4,43.2,43.9,965972.0
2020-04-24,44.45,44.5,42.5,42.75,766163.0
2020-04-27,43.2,43.2,42.4,42.7,997738.0
2020-04-28,43.0,43.8,41.8,42.55,1528160.0
2020-04-29,42.9,43.75,42.3,43.3,2171144.0
2020-04-30,43.7,45.4,43.4,44.3,2259995.0
2020-05-04,43.4,43.4,41.75,42.0,1177121.0
2020-05-05,42.85,43.55,40.5,40.9,2016338.0
2020-05-06,40.65,41.15,39.4,39.7,1620817.0
2020-05-07,39.45,40.15,38.6,39.0,1242481.0
2020-05-08,39.7,40.8,39.05,39.2,1804197.0
2020-05-11,40.5,40.5,37.7,38.25,1715468.0
2020-05-12,37.9,38.2,36.5,37.4,2502948.0
2020-05-13,38.85,39.1,37.1,37.65,3769357.0
2020-05-14,37.2,37.45,36.9,37.3,778730.0
2020-05-15,37.3,37.85,36.9,37.7,1220583.0
